 

 

 

 

 

 

 

 

 

 

 

 

 

 

 

 

 

 

 

 

Function Heterogeneous Homogeneous
Number of EvoWorkers 2 6 12 2 6 12
Mean Time 8.48 5.707 5.290 100.595 52.171 65.2023
Add” Me“ Evalm‘ms 27534.30 42039.66 60466.16 47645.9 81388.9 132308.6
Rasm'g-in 3:32:66“ 128.486207 36.847931 14.43517241 8.46793103 15523134: 4.43517241
457148.552 347344.379 218830.552 31697.6897 - 56090.7931
Debug §:::::‘:mms 37.2465517 17.382069 17.6596552 33.1886207 19.77 27.2806897
156795.276 213783.345 330531.828 159259.655 281918.034 651978.345
Gdewmk MeanTim _ 8.27241379 5.5337931 5.30482759 7.645667 5.716667 5.617333
Mm Evalw’m‘“ 23688.8966 37118.1034 59249.2759 25779.6 42953.33 70536.53
5mm MeanTim _ 89.6493103 37.3044828 29.8093103 55.2410345 34.4448276 36.7113793
MeanEvalmms 316702.552 338147.103 545480.793 191024.759 311083.276 637198.31

 

 

